4 1590 896 1900 1163
4 1650 626 2113 1070
4 2150 496 2526 843
4 686 1110 950 1303
4 953 996 1266 1290
4 1240 450 1453 973
4 1546 1053 1723 1326
4 1863 1293 2130 1626
4 2176 1500 2673 1753
4 1163 1343 1420 1573
4 1600 1640 2093 2093
4 1856 1766 2413 2476
4 2273 1796 2546 2326
4 2636 1793 3090 2056
4 3166 2080 3750 2420
4 3436 2326 3960 2686
4 3263 1446 3843 1746
4 2896 933 3256 1213
4 3266 656 3746 956
4 1903 163 2490 623
2 536 1060 693 1256
2 530 1430 666 1553
2 300 1796 430 1916
2 406 1940 523 2060
2 490 1730 593 1830
2 236 2203 366 2333
2 23 2586 163 2733
2 180 2740 296 2870
2 503 2663 610 2810
2 666 2193 806 2326
2 390 2086 500 2186
2 223 2040 343 2150
2 416 2400 516 2510
2 516 2096 603 2183
2 1603 2670 1690 2766
2 1436 2683 1556 2773
2 1410 2846 1510 2943
2 3176 2863 3280 2986
1 103 1696 456 1926
1 166 2573 376 2896
1 380 2440 756 2786
1 563 2066 843 2313
1 780 2660 1046 3000
1 603 2743 1100 3000
1 1800 2823 2013 2993
6 13 820 690 1690
1 313 986 663 1243
7 66 66 1233 850
7 1306 40 1820 486
7 926 2283 2210 2990
7 2420 2343 3140 2963
