4 1330 640 1553 813
4 136 1256 653 1486
4 1293 1736 1546 1920
4 1816 1706 2023 2106
4 2053 1760 2306 1963
4 2046 2546 2233 2916
2 2190 133 2300 243
2 2366 10 2483 133
2 2476 10 2560 116
2 2563 70 2630 143
2 2920 330 3063 460
2 2770 450 2920 570
2 3103 33 3256 146
2 3216 350 3336 456
2 2713 1336 2836 1476
2 2600 1416 2723 1556
2 2603 1643 2703 1720
2 2673 1740 2763 1850
2 2840 1456 2940 1540
2 3020 1373 3120 1490
2 3240 1220 3353 1353
2 3303 1433 3393 1516
2 3326 1656 3433 1750
2 3483 1633 3620 1753
2 2973 1556 3093 1676
2 2543 2070 2680 2150
2 2490 2333 2580 2433
2 2613 2386 2720 2490
2 2743 2433 2856 2543
2 1180 2196 1230 2250
2 1220 2240 1296 2330
2 1320 2310 1390 2390
2 1313 2113 1410 2230
2 1493 2056 1563 2126
2 1586 2076 1653 2160
2 1553 2156 1633 2240
2 1003 2556 1080 2656
2 960 2703 1066 2810
2 1103 2750 1200 2853
2 1196 2346 1286 2426
2 1190 2433 1253 2513
2 856 1476 960 1583
2 1190 1213 1270 1316
2 976 1240 1046 1336
2 1100 813 1196 903
2 1486 1086 1593 1193
2 1400 823 1510 936
2 1630 636 1726 743
2 1710 373 1833 486
2 2016 573 2140 716
2 2113 286 2240 426
2 1950 850 2043 963
2 2173 673 2270 790
2 1776 1216 1926 1343
2 1730 1403 1863 1550
2 1463 1366 1583 1483
2 1260 1503 1360 1633
2 1560 1683 1663 1770
2 763 220 923 396
2 933 86 1040 226
2 1046 176 1140 280
2 996 1590 1090 1693
1 2106 63 2343 283
1 1800 660 2026 820
1 2016 596 2260 870
1 1853 786 2093 1036
1 3013 1173 3346 1363
1 2540 2210 2776 2506
1 790 1363 1080 1600
1 1186 1223 1416 1366
1 1656 230 1813 463
1 746 1763 1060 1956
6 70 1490 856 2623
1 2043 290 2313 663
7 23 980 510 1476
7 566 853 1030 1323
7 1210 2166 1586 3003
1 1620 2353 2006 2826
1 933 2420 1113 2836
1 1083 2643 1280 2890
2 1870 2726 1986 2843
7 1230 946 2190 1646
1 2090 1253 2303 1413
7 1910 310 2566 1183
7 2546 103 3546 1046
7 2580 1126 3243 1893
7 3456 793 3986 2320
7 3083 1783 3490 2143
7 2226 2096 3070 2990
7 3116 2433 3963 2996
7 606 2550 940 2983
