2 590 286 713 400
2 200 900 326 1073
2 480 1000 580 1126
2 600 810 713 930
2 616 1090 730 1183
2 946 956 1040 1053
2 1056 1043 1163 1146
2 266 1443 396 1573
2 123 1353 223 1440
2 1616 883 1700 996
2 1730 796 1856 940
2 1653 706 1716 790
2 1563 580 1670 723
2 1603 390 1713 540
2 1780 363 1903 500
2 1916 176 2076 356
2 2193 406 2260 503
2 2293 420 2380 493
2 2283 516 2376 596
2 1836 673 1916 763
2 1723 663 1820 760
2 1700 1130 1806 1243
2 1633 1226 1720 1326
2 1323 1036 1396 1113
2 1296 1306 1383 1423
2 1466 1243 1573 1350
2 1386 1800 1450 1876
2 2080 1176 2206 1313
2 2203 1330 2320 1466
2 1893 1193 1986 1263
2 1480 153 1643 300
2 1600 1966 1686 2060
2 2090 2046 2166 2120
2 2073 2133 2170 2230
2 2146 2243 2233 2343
2 2273 2393 2396 2516
2 2083 2436 2190 2550
2 1716 2773 1786 2876
2 1853 2796 1950 2900
2 2620 2576 2750 2696
2 2710 2690 2790 2786
2 2943 2846 3046 2976
2 3056 2796 3176 2906
2 3256 2680 3360 2773
2 3316 2796 3426 2930
2 3376 2563 3513 2700
2 3513 2703 3673 2890
2 3543 2523 3690 2640
2 3743 2710 3913 2886
2 3146 2423 3330 2573
2 3023 1776 3150 1903
2 3083 1910 3220 2010
2 2953 1673 3043 1780
2 2823 1530 2920 1636
2 2620 1656 2733 1760
2 3053 683 3146 793
2 3226 716 3350 850
2 3573 863 3700 983
2 3680 1090 3790 1190
2 2713 343 2796 450
2 3146 443 3286 580
2 3483 713 3593 843
2 3296 666 3400 763
2 3060 280 3113 360
2 3130 296 3220 373
2 2986 320 3113 446
2 2910 363 3036 510
2 2763 16 2900 136
2 2933 216 3050 316
2 3600 6 3726 90
2 1960 1073 2053 1176
2 2720 1330 2836 1410
2 2633 1440 2696 1503
1 2626 23 2946 313
1 2736 343 3066 716
1 3050 403 3300 633
1 2893 620 3333 890
1 1420 66 1823 363
1 1610 323 2026 633
1 1846 43 2316 410
1 2193 526 2396 693
1 2113 583 2240 736
1 2163 400 2380 546
1 1600 776 1870 1013
1 1690 560 1973 753
1 1330 976 1626 1256
1 1290 1243 1596 1416
1 1520 1860 1756 2130
1 1343 1906 1590 2123
1 276 1373 623 1676
1 1696 1293 1903 1440
1 1696 1113 1873 1310
1 2123 1330 2316 1510
1 2010 1183 2236 1436
1 2220 993 2380 1290
1 2700 1350 2946 1676
1 2613 1603 2886 1770
1 2240 2253 2470 2600
1 2073 2243 2310 2533
1 2013 2053 2190 2230
1 2976 2056 3410 2583
1 2963 1770 3260 2063
1 3550 1363 3880 1560
1 3670 1476 4000 1696
1 3390 1490 3703 1793
2 1466 1480 1536 1546
2 1553 1470 1626 1546
7 496 1336 1386 2300
7 16 20 910 426
7 683 833 1166 1336
7 96 1573 496 2123
7 1396 2086 2100 2893
7 1626 1390 2480 2160
7 2416 2076 2980 2570
7 2086 2560 2616 2983
1 2556 2620 2863 2966
7 1996 466 2830 1273
7 2780 936 3980 2426
