4 2096 10 2403 226
4 1693 1243 2156 1516
4 1766 1116 2030 1300
5 623 593 1046 936
4 13 1203 186 1556
2 2136 630 2260 743
2 3533 1146 3686 1296
2 1263 1870 1423 2010
2 1283 2060 1413 2193
2 1976 2093 2096 2210
2 2266 876 2353 970
2 716 310 890 460
2 696 66 876 216
2 260 76 386 193
2 193 1480 340 1613
2 536 2000 626 2126
2 473 2686 666 2850
2 273 2663 426 2813
2 940 2793 1100 2936
2 2880 2560 2996 2666
2 2406 2543 2523 2656
2 3510 1756 3730 1966
1 3423 1050 3703 1343
1 3866 773 3983 1046
1 1603 1943 1820 2136
1 1246 1860 1513 2223
1 2260 2410 2546 2663
1 590 36 1030 556
1 903 2473 1266 2953
7 46 70 670 1263
7 46 1540 863 2363
7 1246 2286 2253 2963
7 2170 983 2600 1623
7 3010 1936 3916 2920
7 2343 266 2910 1063
7 2973 233 3840 1180
