4 3246 1450 3573 1656
4 2936 1570 3166 1776
4 1016 396 1196 730
4 930 273 1103 503
4 1180 493 1413 770
4 1110 716 1386 1090
4 800 1183 1110 1386
4 783 1286 1000 1446
4 1390 2440 1583 2780
4 946 2636 1266 2813
4 2066 1510 2243 1756
4 2330 1593 2583 1870
4 2266 2436 2516 2690
4 2213 2553 2440 2783
4 2380 2350 2623 2556
4 3136 2693 3360 2940
4 2910 2726 3120 2900
4 2693 2743 2903 2893
4 2546 1963 2696 2206
4 2913 1920 3126 2113
4 2693 1670 2923 1890
2 2660 676 2906 860
2 2313 1106 2456 1226
2 3293 383 3526 593
4 3543 356 3740 573
2 1750 663 1890 810
2 2440 1660 2536 1756
2 2593 1726 2703 1843
4 1480 2513 1803 2886
2 1843 576 1960 676
2 2053 1780 2143 1873
2 2240 1766 2346 1866
1 1733 580 2106 1096
1 1836 76 2236 486
1 3650 2216 4000 2946
1 2140 2643 2300 2873
7 3110 50 3976 800
7 3416 946 3973 2183
7 2663 2013 3676 2913
7 933 26 1873 470
7 26 46 1193 1356
7 53 1413 580 1776
7 53 2300 963 3010
7 1286 1396 2293 3010
7 1680 1050 2786 1573
7 2706 293 3183 1230
