4 2286 1940 2443 2240
4 803 700 916 956
4 936 650 1196 943
4 936 953 1223 1186
4 643 856 933 1123
4 1856 1023 2136 1190
2 636 210 826 410
2 1140 400 1283 543
2 970 76 1113 200
2 1263 126 1416 263
2 1510 336 1650 476
2 1600 503 1693 586
2 1336 396 1430 490
2 1726 180 1910 330
2 1323 10 1470 80
2 1270 1070 1346 1140
2 1580 1000 1673 1080
2 1853 733 1943 806
2 1953 750 2046 833
2 2026 723 2083 810
2 2263 723 2333 786
2 2226 510 2330 606
2 2220 343 2296 450
2 2526 176 2656 290
2 2746 90 2850 183
2 2913 63 3036 193
2 2816 263 2930 373
2 2766 430 2843 510
2 2616 490 2710 583
2 2476 386 2580 493
2 2440 600 2553 720
2 1880 890 1986 970
2 2083 893 2186 996
2 1580 1080 1680 1186
2 1646 1230 1793 1343
2 1510 1190 1616 1286
2 983 1333 1060 1406
2 926 1346 1000 1430
2 946 1520 1066 1613
2 1080 1440 1153 1546
2 1160 1393 1240 1480
2 1193 1506 1270 1580
2 1313 1490 1426 1566
2 1533 1393 1646 1503
2 1766 1456 1860 1576
2 1933 1536 1993 1613
2 1980 1286 2050 1360
2 1953 1363 2006 1420
2 1916 1390 1986 1450
2 863 1573 923 1646
2 923 1626 1010 1696
2 1056 1683 1170 1790
2 720 1550 793 1633
2 550 1513 646 1606
2 746 1963 843 2070
2 750 2073 830 2180
2 683 1263 810 1350
2 873 2350 993 2470
2 966 2253 1090 2366
2 1306 1733 1353 1810
2 1573 1706 1640 1783
2 1653 1733 1733 1810
2 1706 1840 1803 1933
2 1813 1786 1923 1890
2 1783 2003 1896 2120
2 1603 1940 1663 2010
2 1380 1996 1456 2080
2 1330 2130 1393 2196
2 1410 2266 1523 2373
2 1110 2456 1200 2546
2 1593 2830 1703 2946
2 2170 1750 2253 1823
2 2143 1666 2236 1756
2 2256 1786 2346 1896
2 2786 1623 2880 1710
2 2933 1613 3006 1686
2 2706 843 2816 926
2 2856 843 2936 930
2 2633 723 2723 813
2 3210 2800 3310 2903
2 3420 2846 3553 2980
2 2453 2073 2510 2143
2 2500 2076 2593 2146
2 2680 2090 2776 2176
2 2856 2123 2936 2213
1 2350 123 2690 523
1 2170 336 2393 663
1 1593 153 1956 430
1 1206 6 1580 276
1 1016 236 1430 586
2 860 600 983 700
1 683 1113 880 1343
2 876 1186 960 1263
1 1590 1496 1750 1616
2 1586 1543 1676 1616
1 1846 823 2020 1023
1 1990 816 2160 1033
1 1323 1390 1526 1633
1 1730 1676 2000 1896
1 1533 1650 1716 1813
1 1560 1750 1733 1966
1 1496 2593 1810 2940
1 1710 2370 2216 2836
1 570 1453 850 1676
1 2770 2396 3040 2690
1 2353 2776 2813 2986
1 2670 1506 3016 1753
1 1410 1720 1523 1843
1 1610 1016 1930 1360
1 1713 1323 1916 1580
1 1876 1383 2050 1606
1 1283 1836 1570 2100
1 873 2243 1126 2530
1 866 1436 1120 1690
1 990 1580 1190 1810
1 650 20 1013 390
7 2113 910 2653 1590
7 2830 683 3630 1520
7 1883 1893 2303 2200
7 2180 2216 2810 2853
7 630 2413 1326 2923
7 1066 1833 1456 2390
7 1186 456 2030 1086
