2 1133 60 1220 153
2 1403 33 1486 103
2 1583 203 1666 296
2 1503 270 1570 356
2 1580 336 1653 410
2 1793 343 1900 466
2 2010 313 2110 423
2 2056 483 2143 590
2 2140 586 2223 700
2 1780 626 1910 756
2 470 633 570 750
2 1156 610 1223 706
2 1323 543 1386 623
2 1483 573 1580 643
2 1380 603 1463 686
2 1406 696 1496 813
2 1503 873 1596 950
2 1543 963 1616 1033
2 1616 890 1703 993
2 1756 1073 1843 1153
2 1960 933 2036 1013
2 1890 890 1963 950
2 1303 896 1396 986
2 1270 1066 1343 1140
2 1360 1200 1440 1273
2 1443 1200 1520 1283
2 1483 1056 1566 1156
2 466 1363 596 1486
2 680 1820 800 1963
2 456 1746 560 1836
2 326 1820 460 1930
2 1596 1280 1690 1366
2 1586 1163 1693 1263
2 1586 1073 1646 1136
2 1703 1200 1800 1280
2 1583 1380 1680 1480
2 1670 1520 1746 1603
2 1456 1506 1540 1596
2 3170 2153 3296 2270
2 3336 2370 3436 2460
2 3420 2433 3520 2536
2 3653 1986 3756 2080
2 3813 1773 3993 1916
2 2880 323 2996 440
2 2906 470 3020 576
2 3140 76 3253 173
1 3293 1553 3783 1853
1 3570 1903 3776 2090
1 2920 2086 3276 2446
1 3136 1723 3483 2196
1 1313 1313 1580 1546
1 1313 850 1510 1020
1 1353 633 1560 846
1 1103 56 1393 310
1 1686 540 2053 790
1 1753 326 2040 556
1 2036 250 2186 486
1 613 1656 933 1976
1 396 2290 750 2550
1 383 2443 836 2783
1 3326 1293 3783 1573
6 1820 816 3400 1973
1 3140 1113 3566 1426
2 2993 1243 3173 1386
7 1203 1970 2803 2956
7 2716 216 3646 1590
7 1706 16 2650 800
7 13 13 1280 1963
7 1313 1523 1750 1956
7 53 2030 476 2956
7 840 2193 1176 2910
1 2860 976 3180 1400
2 3933 2563 4006 2693
1 3050 20 3346 260
1 516 2793 876 2983
