5 2516 970 3023 1253
4 3003 2393 3296 2616
2 3680 1230 3790 1330
2 3323 1163 3436 1270
2 3143 1226 3273 1336
2 2823 1653 2943 1746
2 2880 1730 3013 1856
2 2573 1523 2673 1626
2 1870 2226 1980 2326
2 2020 2086 2133 2186
2 1980 1976 2083 2076
2 3610 2076 3750 2196
2 3530 1750 3620 1850
2 3073 1916 3150 1996
2 3700 783 3810 880
2 3860 1603 3943 1703
2 1360 2193 1446 2280
2 1440 2146 1530 2220
2 606 2503 690 2596
2 720 2453 836 2573
2 413 2263 500 2376
2 2366 2216 2433 2293
1 2956 1070 3266 1323
1 3216 1076 3446 1256
1 3583 1186 3813 1403
1 3576 1900 3793 2206
1 2863 2183 3093 2466
1 1833 2086 1983 2330
1 2310 2076 2466 2310
2 150 1606 250 1700
2 320 1606 420 1706
6 26 33 2650 1873
7 2826 40 3410 616
7 3333 653 3813 1196
7 2740 1320 3946 2250
7 2713 2440 3496 2970
7 816 1930 1843 2986
7 2030 1886 2286 2436
