4 1723 40 1950 303
4 773 370 953 590
4 606 516 973 803
4 460 1193 786 1473
4 1120 2730 1306 3003
4 1126 2486 1300 2690
4 2320 2553 2536 2926
4 2446 2576 2710 2883
4 2406 2286 2706 2550
4 2006 2693 2346 2976
4 3293 2256 3760 2680
4 2746 2270 3070 2523
4 1603 1763 1960 2010
4 1686 1903 1923 2256
4 1893 1950 2153 2206
4 906 2050 1060 2256
4 430 2480 713 2733
4 683 1403 983 1583
4 1136 1076 1533 1326
4 1133 1280 1376 1480
4 1616 1540 1923 1856
4 2043 900 2246 1246
4 2446 996 2730 1283
2 10 1420 146 1573
2 136 1633 280 1756
2 2476 1436 2570 1533
1 1856 1450 2036 1646
1 2403 1570 2586 1820
1 2586 1536 2866 1813
1 2816 1800 2980 1926
1 120 463 393 896
6 1336 403 2233 1153
6 2470 20 2936 456
7 30 1870 753 2986
7 690 1490 1533 2186
7 16 890 316 1250
7 1210 2326 1580 2913
7 1543 2180 2103 2786
7 1536 2796 2003 2986
7 1643 1103 1936 1470
7 1923 1126 2493 2033
7 2530 906 3120 1446
7 2653 1303 3656 2580
7 580 936 1123 1343
7 606 56 1393 753
