2 3546 96 3716 263
2 3890 253 3980 356
2 2063 336 2166 446
2 2013 36 2080 133
2 1146 500 1230 586
2 1123 376 1216 486
2 1060 446 1160 516
2 970 536 1073 646
2 600 850 690 940
2 1090 890 1170 976
2 1186 876 1243 953
2 1136 1046 1233 1153
2 1360 1023 1420 1096
2 1423 1070 1483 1153
2 1483 1153 1570 1263
2 1340 1283 1426 1380
2 1446 1310 1530 1383
2 1526 1306 1593 1380
2 1543 1276 1653 1386
2 1826 1220 1936 1336
2 1753 910 1833 1003
2 1626 1026 1726 1140
2 1770 1110 1893 1213
2 1676 1316 1786 1420
2 1803 473 1883 540
2 1806 596 1890 670
2 2000 673 2100 760
2 2300 643 2460 790
2 2240 873 2333 980
2 2066 1010 2146 1090
2 1933 986 2033 1086
2 1636 50 1720 126
2 2350 20 2590 213
2 2883 96 3030 280
2 3796 1283 3926 1420
2 2290 1723 2383 1826
2 2383 1700 2496 1803
2 2500 1790 2576 1873
2 2606 1720 2700 1826
2 3460 2353 3590 2490
2 3620 2456 3763 2586
2 3420 2536 3530 2646
2 3313 2640 3420 2736
2 2373 2546 2513 2686
2 2070 2210 2193 2340
2 2220 1916 2333 2026
2 1783 1916 1910 2033
2 1946 1933 2056 2036
2 1780 2216 1890 2323
2 1923 2170 2040 2270
2 1660 1833 1753 1946
2 1406 2390 1483 2486
2 1480 2303 1576 2386
2 806 2913 920 2996
2 760 2776 850 2876
2 1093 2590 1190 2683
1 1690 846 1916 1063
1 1923 616 2126 866
1 2310 640 2510 990
1 3346 2260 3630 2463
1 3210 2530 3386 2753
1 3340 2476 3540 2633
1 3510 2560 3746 2780
1 3400 2623 3606 2836
1 3443 103 3776 426
7 10 1150 330 2086
7 313 1360 1630 2523
7 1756 2013 3436 2963
1 2186 1686 2440 2000
1 2060 2040 2326 2350
1 1616 2086 2070 2346
1 1663 1803 1790 2033
1 1773 1806 2053 2066
7 2013 853 3176 1643
1 3680 1143 3956 1486
7 2753 396 3070 836
7 2966 30 3383 393
7 1250 756 1576 1026
