4 1283 2243 1466 2446
4 1296 2433 1490 2616
4 1320 2623 1493 2940
2 683 1050 786 1180
2 450 1093 540 1170
2 476 1183 550 1243
2 403 1176 483 1256
2 180 1100 306 1206
2 143 740 226 843
2 296 850 383 970
2 436 923 553 1036
2 636 963 720 1070
2 546 906 663 1016
2 560 786 656 890
2 683 720 773 823
2 826 690 933 793
2 853 803 950 886
2 696 883 830 976
2 803 330 893 416
2 810 183 950 303
2 1230 153 1306 253
2 1410 226 1496 320
2 1543 163 1633 256
2 1490 436 1590 523
2 1590 546 1660 616
2 1830 446 1913 543
2 293 636 453 783
2 626 1250 720 1323
2 673 1420 776 1516
2 580 1460 673 1560
2 410 1503 513 1610
2 190 2543 300 2683
2 296 1956 476 2113
2 450 2076 560 2196
2 543 2076 650 2183
2 630 2090 733 2196
2 616 1970 746 2060
2 820 2133 943 2256
2 750 2013 860 2130
2 943 1983 1046 2086
2 860 1610 973 1700
2 1193 1770 1306 1866
2 1196 1233 1320 1340
2 1236 836 1380 973
2 1363 1023 1476 1153
2 1510 960 1633 1096
2 1480 1116 1593 1216
2 1513 1336 1603 1446
2 1540 1446 1663 1543
2 1563 2200 1696 2333
2 1706 2143 1836 2256
2 1580 2086 1686 2200
2 1700 2340 1843 2480
2 2080 633 2173 760
2 2190 446 2260 533
2 2250 380 2373 476
2 2203 786 2296 880
2 2560 1240 2660 1340
2 3206 2543 3336 2626
2 3456 1946 3573 2070
2 3606 1560 3710 1660
2 1746 1596 1883 1746
2 1763 1276 1886 1410
2 1166 1403 1266 1513
2 2700 2080 2783 2186
1 2523 1960 2673 2206
1 2593 2030 2826 2276
1 2746 1960 3050 2263
1 3063 1896 3326 2180
1 2390 1166 2663 1350
1 1696 376 2000 630
1 686 1006 956 1250
1 6 1143 223 1450
1 186 1030 420 1250
1 1526 1130 1920 1420
1 986 1323 1266 1566
1 833 1503 1040 1726
1 320 653 566 840
1 290 850 516 1010
1 530 1650 716 1893
1 473 1500 660 1743
7 1576 2160 3780 2993
7 3400 1720 3810 2166
7 1960 1480 2586 2153
7 973 766 1993 1903
7 3 1296 450 2253
7 20 36 843 730
1 790 303 1013 493
