2 1260 53 1410 233
2 1776 1010 1956 1210
2 3050 153 3210 293
2 3356 106 3513 293
2 3563 453 3673 566
2 2843 380 2946 490
2 330 1686 493 1856
2 283 1430 426 1563
2 743 1426 863 1553
2 723 1756 886 1943
2 840 1700 946 1813
2 970 1476 1100 1606
2 1150 1386 1266 1493
2 1080 1260 1196 1373
2 1160 1003 1293 1120
2 1533 1493 1696 1633
2 1860 1483 1950 1586
2 1636 1853 1756 1976
2 1503 1683 1643 1820
2 1430 1793 1560 1923
2 1193 1690 1356 1843
2 1416 1960 1546 2090
2 1313 2046 1500 2213
2 1796 1746 1866 1860
2 1876 1813 1990 1950
2 2076 1420 2180 1546
2 2180 1463 2290 1610
2 2123 1680 2203 1776
2 2183 1700 2300 1833
2 1086 2466 1210 2596
2 1126 2713 1260 2860
2 1383 2780 1526 2910
2 1586 2763 1686 2870
2 1700 2600 1806 2690
2 1806 2310 1943 2446
2 1593 2156 1756 2323
2 2000 2183 2063 2286
2 2936 1843 3016 1940
2 3310 1536 3426 1636
2 3456 1583 3616 1720
2 2950 1426 3036 1536
2 2660 2386 2773 2510
2 3016 2430 3166 2586
2 3240 2370 3343 2480
2 3206 2523 3326 2640
2 3450 2446 3556 2553
2 3673 2583 3806 2713
2 3600 2860 3766 3000
2 3130 1900 3273 2040
2 2960 2093 3113 2236
1 2963 23 3490 296
1 2833 620 3050 943
1 2973 720 3320 933
1 2993 963 3260 1246
1 3180 1446 3406 1670
1 3366 1456 3656 1720
1 2890 1786 3243 2240
1 3403 2336 3826 2716
1 3326 2570 3786 2993
1 2883 2246 3183 2600
1 1383 2370 1693 2840
1 1663 2366 1943 2696
1 1736 2250 1923 2433
1 1926 2290 2163 2500
1 246 1783 713 2366
1 770 1330 1113 1696
1 1113 1380 1446 1950
1 1483 1440 1873 1766
1 1580 1720 1803 2020
1 1083 2010 1500 2366
1 1160 60 1550 393
6 1520 26 2680 880
6 23 306 1206 1576
6 13 1986 660 2913
6 736 1833 1170 2353
6 710 2370 1126 3013
7 2456 736 3243 1836
7 1933 2256 2813 2990
7 3200 286 3956 1056
