4 1563 1433 1980 1613
4 440 1550 616 1826
4 623 1530 916 1856
4 860 2770 1083 3000
5 2946 20 3423 560
5 2513 2563 3400 2906
5 786 2276 1100 2560
2 3393 703 3483 816
2 3576 896 3713 1013
2 3483 1306 3640 1443
2 3400 1413 3490 1513
2 3566 1466 3670 1593
2 3306 1330 3423 1446
2 3873 673 3996 830
2 2463 1233 2533 1336
2 2606 1270 2676 1363
2 2266 1613 2386 1733
2 2526 1756 2670 1876
2 2693 2070 2823 2223
2 2996 2160 3090 2273
2 1296 1253 1406 1380
2 1430 1383 1510 1473
2 1320 1453 1373 1503
2 1650 910 1783 1040
2 1706 856 1820 946
2 1903 770 1990 863
2 2246 876 2343 960
2 2293 1000 2396 1103
2 2100 853 2193 936
2 2506 146 2586 230
2 2443 250 2530 346
2 2343 40 2430 123
2 2573 116 2653 200
2 2570 66 2633 120
2 250 186 360 290
2 176 336 270 440
2 306 506 396 590
2 390 593 520 720
2 483 460 603 590
2 603 510 673 643
2 443 223 576 353
2 556 50 686 163
2 733 326 836 440
2 980 440 1080 563
2 850 36 943 120
2 793 56 876 143
2 1146 26 1253 123
2 1236 46 1356 146
2 1360 243 1480 346
2 1210 430 1333 540
2 1386 446 1510 560
2 1206 636 1310 740
2 1363 610 1453 716
2 343 853 473 966
2 320 716 440 813
2 150 723 253 813
2 890 796 970 886
2 580 756 673 830
2 500 793 593 876
2 603 853 690 950
2 2173 556 2240 626
2 2133 466 2206 540
2 2213 620 2270 690
2 2703 30 2776 106
1 2730 73 2943 266
1 1726 0 1983 193
1 2190 993 2426 1230
1 2420 1243 2696 1483
1 2280 1486 2763 1846
1 1620 960 1783 1326
1 1780 1083 1930 1313
1 1706 770 1926 1043
1 1926 876 2190 1220
1 586 456 830 713
2 1376 2343 1426 2410
2 1300 2273 1363 2346
1 1293 1170 1460 1420
1 3296 693 3580 946
1 3713 656 3973 936
2 1966 2793 2066 2896
6 3410 1690 4010 2963
7 3023 886 3403 1220
7 2876 1596 3403 2596
1 2853 2050 3120 2313
2 3833 1043 3943 1190
7 1466 166 2033 716
7 1096 693 1626 1263
7 1803 1233 2343 1623
7 1963 1690 2376 2146
7 1026 1506 2080 2883
7 20 1923 993 3006
7 113 1220 753 1613
1 1080 616 1360 876
