4 2483 556 2710 876
4 2263 650 2443 873
2 3103 533 3240 666
2 1590 523 1703 656
2 1816 73 1906 170
2 1566 1920 1686 2046
2 1950 1950 2076 2063
2 2056 1136 2156 1236
2 2206 1166 2303 1256
2 2206 1070 2340 1163
2 2293 893 2376 1006
2 2360 910 2456 1016
2 2256 1253 2323 1330
2 2663 1576 2773 1643
2 2623 2040 2756 2160
2 2723 2186 2840 2286
2 2660 2363 2756 2473
2 2433 1963 2546 2093
2 2366 1860 2463 1936
2 2213 1820 2303 1893
2 2283 1733 2393 1826
2 2520 1080 2656 1210
2 3130 1430 3246 1550
2 3153 1133 3253 1246
2 3006 1120 3113 1213
1 2320 1933 2533 2163
1 2320 2140 2506 2330
1 2546 2353 2666 2590
1 1293 2680 1493 2970
1 2983 250 3473 703
1 3033 1426 3246 1640
7 410 83 1820 1313
7 33 793 443 1676
7 426 1340 1063 1916
7 1593 2216 2336 2930
7 2660 703 4000 1916
7 2546 16 3383 473
