4 2323 773 2480 1093
5 1656 1430 1983 1803
2 256 623 386 750
2 26 1290 150 1393
2 476 520 550 623
2 573 583 683 686
2 690 683 816 796
2 823 690 943 810
2 866 600 973 690
2 750 480 850 603
2 606 476 693 586
2 590 313 693 430
2 696 286 800 396
2 460 116 593 236
2 730 33 820 96
2 823 23 956 140
2 976 116 1110 246
2 840 256 953 366
2 943 330 1033 436
2 1026 353 1130 466
2 950 520 1050 636
2 990 470 1063 543
2 1066 510 1153 603
2 1106 663 1236 760
2 1256 586 1363 696
2 1343 770 1466 883
2 1046 750 1153 846
2 1326 116 1430 233
2 1453 6 1560 63
2 1580 80 1713 206
2 1636 280 1723 380
2 1523 203 1596 293
2 1510 306 1620 400
2 1343 280 1453 403
2 1520 473 1613 560
2 1613 553 1756 686
2 1666 366 1730 450
2 1743 286 1843 423
2 1913 253 2003 323
2 1940 310 2013 393
2 2116 170 2206 246
2 1746 23 1843 96
2 2223 76 2343 186
2 2373 196 2440 283
2 2106 500 2186 600
2 1800 510 1890 603
2 1853 633 1913 720
2 2066 700 2160 783
2 2203 710 2286 803
2 2393 570 2513 706
2 2386 476 2463 543
2 2313 750 2413 846
2 2953 600 3056 693
2 3166 533 3243 623
2 3166 316 3290 440
2 2786 546 2890 646
2 3490 1350 3643 1446
2 3510 1520 3643 1630
2 3496 1670 3583 1756
2 3890 1500 4013 1680
2 3656 1220 3746 1310
2 3823 1213 3933 1323
2 3873 1860 4003 1996
2 793 2063 923 2243
2 150 1783 223 1863
2 220 1696 286 1780
2 253 1630 340 1716
2 53 1490 166 1586
2 553 776 630 880
2 636 2423 733 2536
2 3376 2843 3486 2960
2 1660 2863 1750 2950
2 3010 2263 3100 2356
2 2133 1710 2193 1786
2 883 2213 1013 2286
1 3086 236 3436 483
1 3616 1196 3890 1413
1 3413 1333 3663 1513
1 3453 1853 3620 2010
1 3320 1543 3433 1626
1 3476 1630 3680 1773
1 2953 2213 3126 2443
1 790 1913 1193 2226
1 536 2360 780 2603
1 203 1950 373 2256
2 1943 1166 2033 1276
2 2266 1110 2346 1190
2 2466 1120 2550 1213
2 2706 1356 2766 1433
2 2746 1423 2820 1506
1 2200 33 2393 203
1 2113 146 2283 353
1 2283 180 2486 370
1 1966 433 2256 673
1 1873 403 1990 533
1 1796 496 2000 666
1 2210 653 2393 860
1 2283 533 2550 753
1 2180 1090 2356 1226
1 2370 1106 2560 1243
1 633 643 983 903
1 1100 420 1350 780
1 1346 596 1570 910
1 1590 53 1796 293
1 1320 73 1560 273
1 1366 273 1606 453
1 1506 403 1780 606
1 1703 260 1916 520
1 150 106 520 386
1 460 83 756 323
7 2586 53 3966 1106
7 1056 910 2350 1470
7 2416 873 2843 1710
7 2873 1136 3393 1680
7 160 1716 1736 2933
7 1816 1740 3106 2990
7 3093 2313 3956 3003
7 3163 1726 3766 2273
1 3613 1456 4013 1770
1 3673 1796 3986 2090
7 43 816 1000 1566
