4 1286 986 1540 1356
4 1383 576 1636 970
4 1426 380 1670 576
4 803 703 1140 1033
4 1003 380 1186 763
4 2703 2343 3086 2613
2 1133 100 1266 266
2 390 773 456 850
2 433 623 540 726
2 726 1113 820 1203
2 706 1016 783 1096
2 260 1250 356 1333
2 576 1266 650 1320
2 583 1323 653 1400
2 1093 1616 1290 1810
2 1613 1486 1800 1680
2 1623 1196 1756 1343
2 1673 863 1806 1000
2 1826 943 1943 1060
2 2003 846 2106 970
2 1876 726 1976 830
2 2026 613 2133 716
2 2593 30 2746 173
2 2770 136 2896 230
2 2936 146 3050 243
2 3330 1296 3486 1430
2 3633 1466 3796 1610
2 3870 1460 3993 1596
2 3113 2343 3216 2476
2 3246 2310 3376 2430
2 3460 2340 3556 2443
2 3543 2153 3653 2260
2 3460 2073 3580 2176
2 3236 2133 3343 2243
2 3333 686 3416 783
2 3426 646 3516 743
2 2843 633 2936 733
1 3470 66 3893 303
1 2876 110 3133 320
1 2696 570 2976 863
1 3256 1303 3490 1553
1 3476 1376 3760 1683
1 3756 1406 4006 1690
1 3800 2250 3996 2590
1 160 1870 353 2130
1 1106 1403 1530 1893
1 1330 1280 1606 1556
1 1623 1220 1913 1516
1 1630 826 1923 1056
1 1710 1026 2106 1370
1 470 433 666 576
1 423 593 650 816
1 673 1016 930 1233
6 1843 570 3143 2216
4 2800 1300 3066 1556
4 2810 1490 3000 1686
7 720 1860 1970 2946
1 1533 2376 1646 2616
1 1636 2420 1796 2750
7 30 56 1086 1623
7 1313 50 2036 796
7 23 1743 700 2956
7 2003 2646 2736 2993
7 2030 2210 2703 2530
7 3460 2496 3986 2990
