4 2446 1030 2680 1353
4 2543 973 2766 1206
4 2983 800 3380 1063
4 3373 1090 3743 1330
4 3746 1070 3870 1306
4 3163 303 3546 646
4 1533 1150 1710 1590
4 1730 1313 1933 1596
4 1610 1573 1853 1770
4 1636 1753 1923 2036
4 1816 2033 2016 2273
4 1920 1646 2186 1916
4 1463 2500 1670 2690
4 1290 2763 1560 2990
4 1803 2263 1990 2540
4 1563 2226 1803 2573
4 1440 1896 1783 2196
4 1040 1976 1323 2176
4 1236 2026 1520 2296
4 970 1436 1216 1873
4 1203 1520 1553 1900
4 1970 636 2316 1076
4 2230 1780 2513 2010
2 1513 680 1633 800
2 1633 796 1746 936
2 1680 596 1766 713
2 253 1270 426 1440
2 723 1276 853 1420
2 1923 2783 2033 2916
2 1783 2790 1893 2920
2 1420 2436 1530 2563
2 1033 2363 1143 2490
2 3403 2393 3560 2546
2 3776 2106 3933 2276
2 3803 2760 3950 2896
2 1300 3 1420 93
2 1053 10 1173 63
2 270 456 436 606
2 323 353 460 456
1 153 1073 610 1433
1 23 1303 146 1546
1 620 1123 980 1490
1 1263 2246 1570 2526
1 1450 2673 1600 2880
2 1093 2856 1216 2950
2 1130 2730 1246 2833
1 1800 2646 2123 2933
1 3776 2620 3983 2940
6 2473 1616 3370 2643
7 2356 0 3320 696
7 3353 20 3696 333
7 2143 1303 2926 1703
7 1983 1260 2180 1610
7 3506 1430 3986 2173
7 2996 1133 3426 1650
7 33 6 946 676
7 616 813 1463 1500
7 30 1650 1040 2990
