2 2733 673 2863 820
2 1603 846 1743 960
2 1753 716 1883 850
2 3176 2340 3280 2433
2 3073 2430 3163 2530
2 3143 2516 3210 2583
2 3406 2680 3560 2806
2 3666 2673 3763 2773
2 3646 2570 3750 2663
2 3286 1260 3403 1376
2 3413 1166 3526 1246
2 3550 1453 3640 1563
2 3756 1503 3866 1643
2 3703 1486 3776 1573
2 2093 2260 2223 2393
6 20 26 1543 3016
1 2156 2440 2620 2683
1 3293 2490 3546 2786
1 3603 1930 3966 2253
1 3836 1840 4000 2070
1 3190 1176 3410 1500
1 3390 1083 3640 1573
1 3760 2550 4006 2836
6 1566 103 3183 1646
6 1573 1653 2833 2986
7 3196 116 4000 1113
1 2613 2586 3033 2936
