4 880 1400 1310 2726
4 2266 616 2490 826
4 1870 216 1996 440
4 2383 1710 2663 1913
4 2200 1433 2516 1606
2 3190 173 3313 303
2 2943 26 3093 136
2 2796 103 2930 236
2 3026 413 3143 533
2 3160 603 3350 780
2 3430 310 3543 440
2 3640 500 3803 656
2 3563 880 3690 970
2 3533 1046 3610 1133
2 3693 1083 3806 1183
2 2806 1543 2956 1670
2 2706 1950 2806 2053
2 3283 2843 3413 2980
2 3113 2810 3230 2930
2 1643 2326 1813 2506
2 1796 1963 2003 2190
2 653 2373 803 2543
2 320 320 450 500
2 46 573 190 690
2 80 453 216 596
2 13 823 116 960
2 500 646 643 783
2 706 486 816 616
2 580 516 706 636
2 800 623 916 730
2 943 706 1083 820
2 1096 790 1206 913
2 903 1140 1023 1253
2 1496 1170 1573 1260
2 1583 1273 1693 1373
2 1646 1070 1733 1170
2 1750 1100 1836 1180
2 1866 1093 1986 1220
2 1143 943 1230 1060
2 1210 200 1320 316
1 2990 403 3356 780
1 1203 196 1480 420
1 1870 316 2180 646
1 2133 530 2233 630
1 2516 893 2753 1116
2 2366 1213 2463 1313
2 2363 1333 2430 1393
2 2413 1396 2476 1470
2 3093 1080 3203 1173
2 3120 1213 3206 1330
1 3090 173 3343 420
1 3273 273 3573 536
1 3696 696 3996 1013
1 3610 393 3993 730
1 2793 30 3176 326
1 1470 956 1756 1176
1 43 523 580 993
1 516 630 783 906
1 696 463 940 746
1 336 300 690 590
1 490 1826 1130 2400
1 1473 1906 1970 2520
6 16 1026 1456 2983
6 1480 2133 2493 2996
6 2586 1626 3983 2993
7 760 370 1370 943
7 1546 1263 2370 1880
1 1880 1033 2066 1310
7 2143 53 2756 666
7 2703 470 3090 960
