4 3706 1560 3970 1783
2 3433 303 3546 413
2 3770 573 3886 670
2 3483 746 3610 876
2 3370 630 3523 773
2 3176 736 3320 893
2 3096 850 3243 983
2 2866 733 2970 826
2 2750 966 2870 1070
2 2730 1056 2830 1150
2 2733 1136 2860 1246
2 3560 1126 3686 1256
2 3560 866 3690 1016
2 3220 1410 3316 1496
2 2856 1343 3000 1476
2 3003 1560 3146 1683
2 2686 430 2793 560
2 3126 456 3236 566
2 2296 2386 2393 2486
2 2380 2346 2470 2460
2 2483 2360 2616 2493
2 2123 1970 2263 2143
2 1903 1583 2000 1710
2 1916 1416 2070 1543
2 2056 1670 2166 1790
2 2206 1596 2333 1713
2 2600 1646 2753 1780
2 2356 733 2503 856
2 3516 2256 3630 2386
2 1783 140 1910 270
2 2003 163 2083 266
2 1906 320 2030 443
2 2023 380 2163 520
2 2200 426 2300 530
2 2196 536 2273 633
2 2343 570 2443 663
2 2380 463 2470 550
2 1803 470 1923 610
2 1333 246 1463 386
2 1456 50 1586 173
2 1563 310 1673 410
2 1523 430 1656 540
2 1516 546 1653 683
2 1360 496 1476 620
2 1130 293 1263 426
2 1046 40 1186 180
2 666 0 763 76
2 63 133 176 260
2 473 83 710 246
2 780 580 890 693
2 956 693 1096 853
2 950 893 1133 1080
2 1113 766 1283 906
2 1370 890 1523 1060
2 1743 836 1836 936
2 1876 806 2036 973
2 890 1290 1030 1383
2 880 1410 990 1520
2 810 1543 970 1683
2 143 1350 246 1433
2 253 1370 346 1490
2 426 1273 530 1400
2 76 1726 180 1840
2 576 1956 666 2050
2 720 1800 856 1913
2 790 1713 876 1786
2 1210 1366 1326 1476
2 1226 1536 1340 1640
2 1050 1486 1163 1566
2 1146 1663 1273 1760
2 1080 1716 1176 1806
2 1016 1816 1150 1950
2 1420 1570 1533 1676
2 1560 1413 1720 1523
2 1183 1153 1333 1286
2 1046 1233 1163 1340
2 1186 2113 1316 2240
2 1233 2310 1330 2426
2 1240 2463 1376 2573
2 1313 2553 1423 2666
2 1190 2726 1333 2856
2 1086 2666 1206 2763
2 1033 2756 1153 2873
2 823 2513 910 2600
2 1063 2420 1180 2536
2 903 2873 1033 2993
2 813 2856 920 2953
2 696 2903 820 2990
2 1446 1816 1536 1910
2 1490 1923 1596 2050
2 1633 1803 1753 1943
2 1856 1763 1983 1890
2 1813 1930 1913 2040
2 1940 1983 2066 2120
2 1660 2106 1793 2226
2 1816 2113 1930 2216
2 1926 2123 2010 2203
2 2043 2153 2143 2236
1 2556 493 2740 706
1 2620 653 2773 896
2 2633 780 2743 890
1 2963 310 3336 610
1 1163 886 1553 1330
1 1470 676 1746 1040
1 1706 350 2033 726
1 1286 183 1536 503
1 1550 183 1753 453
1 1690 56 1913 343
1 1440 30 1763 236
1 676 30 990 230
1 530 836 866 1220
1 566 1840 790 2076
1 26 1543 333 1900
1 703 2066 1003 2290
1 1580 1156 2030 1496
1 1586 1640 1853 1916
1 1426 1526 1686 1736
1 1036 1276 1206 1583
1 1200 1273 1410 1486
1 1203 1386 1436 1650
1 880 1093 1150 1380
1 1176 2033 1403 2280
1 1056 2320 1223 2520
1 803 2436 980 2630
1 1166 2536 1356 2856
1 1613 1890 1850 2266
1 1483 1790 1650 2083
1 1830 1396 2106 1690
1 2023 1526 2336 1876
1 1866 1670 2020 1883
1 1963 1846 2133 2133
1 2123 1866 2440 2166
1 3396 1016 3856 1346
1 3703 1286 3970 1566
1 3316 650 3520 973
1 2976 690 3266 1026
1 2106 2383 2353 2690
1 2270 2290 2490 2506
6 2503 1640 3420 2736
7 2293 70 2996 980
7 3016 63 3960 760
7 3136 1366 3663 1820
7 3416 1806 3730 2213
7 3413 2490 4000 2960
7 2653 2696 3393 2983
7 1746 2296 2120 2793
7 2336 2483 2513 2766
7 40 1920 816 2996
7 1383 2053 1660 2616
7 1430 2636 1766 2976
1 180 433 450 733
7 440 253 1016 856
7 300 733 496 1276
7 2040 40 2273 700
7 2053 723 2233 1066
7 2283 956 2726 1336
