4 330 420 610 680
4 716 73 1030 303
4 1113 126 1403 380
4 880 470 1256 656
4 1136 1040 1580 1310
4 1173 1290 1520 1523
4 2016 493 2270 880
4 2186 146 2473 326
4 1936 233 2156 396
4 1090 856 1333 1090
4 1293 923 1533 1056
4 1166 1913 1433 2266
4 786 2090 1110 2320
4 210 1916 550 2123
4 313 1793 516 1963
4 1416 1483 1630 1650
4 2646 1593 2830 1823
4 3323 2476 3543 2620
2 1463 2000 1600 2153
1 2663 2540 2850 2803
1 2790 2476 2996 2663
1 916 2556 1136 2886
1 1353 2543 1463 2746
1 1270 1936 1423 2203
2 1710 53 1786 153
2 1753 23 1860 123
2 2126 83 2210 173
2 2060 170 2163 266
2 43 276 183 403
2 23 516 153 616
2 120 623 213 723
2 253 420 363 550
1 1430 1850 1763 2140
1 3516 2176 3763 2423
1 3570 2346 3790 2583
1 53 2046 396 2306
6 1726 686 3570 2183
7 2483 36 3543 673
1 2986 2186 3213 2530
7 3173 2390 3913 2976
7 3603 1530 4003 2286
2 3803 1500 3926 1646
7 496 1223 1213 2116
7 536 466 1690 1053
7 1646 93 2063 763
7 693 2183 1710 2903
7 50 2266 676 2963
