4 3253 1063 3566 1430
4 3063 890 3300 1106
4 2026 1306 2283 1646
4 2263 1023 2446 1326
4 2460 1150 2680 1420
4 2976 1406 3193 1726
4 1246 1403 1473 1596
4 1456 1613 1670 1883
4 1656 1586 1940 1773
4 1493 1706 2086 2090
4 1866 2136 1976 2466
4 1963 2033 2190 2556
4 1640 2056 1870 2213
4 1220 1953 1410 2116
4 963 1263 1106 1460
2 1100 260 1196 390
2 1193 200 1310 306
2 956 113 1020 193
2 960 46 1056 126
2 1393 303 1560 433
2 1446 143 1600 256
2 1630 123 1743 226
2 1736 240 1793 326
2 1643 433 1776 563
2 1710 743 1830 873
2 1613 743 1700 840
2 1563 1010 1680 1110
2 673 1426 770 1516
2 726 1550 820 1640
2 710 1663 823 1763
2 566 1806 720 1913
2 640 2016 746 2120
2 676 2193 846 2363
2 736 2470 900 2623
2 1100 2383 1283 2563
2 2316 2853 2436 3003
2 2253 400 2393 566
2 2406 610 2506 713
2 2403 1003 2526 1116
2 2880 410 2980 500
2 3073 630 3206 760
1 1553 380 1883 676
1 1200 136 1420 376
1 1486 133 1683 386
1 1640 83 1813 373
1 1596 13 1936 210
1 576 1823 910 2170
1 623 2126 1050 2580
1 2020 2203 2440 2566
1 2286 2706 2570 2976
1 2263 453 2560 736
1 2860 440 3036 720
1 3046 570 3276 926
6 26 23 590 2983
2 686 130 796 270
2 620 330 740 463
7 1886 46 2636 550
7 3130 50 3960 676
7 3353 666 3993 2120
7 2570 2023 4000 2980
7 2333 1486 3053 2080
1 2110 1770 2390 1970
7 1906 730 2306 1390
7 2560 536 3066 1410
7 2673 393 2823 523
7 603 2540 2270 3000
7 1053 2103 1456 2543
