4 513 1290 946 1570
4 933 1326 1093 1613
4 790 823 1013 1103
4 1786 1313 2096 1646
4 1966 1520 2436 1850
4 2546 1363 2933 1600
4 2140 1273 2556 1556
4 2320 826 2560 1046
4 1823 2266 2060 2523
4 1956 2246 2253 2483
4 1900 1936 2280 2250
4 2413 443 2626 873
4 2130 326 2340 550
4 1630 1690 1943 2136
4 1306 1976 1526 2283
2 3270 170 3420 343
2 3263 406 3406 546
2 3156 536 3293 696
2 3676 563 3830 723
2 3870 676 3976 823
2 3790 950 3946 1083
2 3656 1116 3776 1213
2 3743 1213 3860 1323
2 3340 1143 3463 1273
2 3430 1073 3536 1180
2 3466 1263 3560 1363
2 3580 1216 3656 1320
2 3053 1770 3173 1883
2 3093 1650 3233 1780
2 3216 1396 3330 1506
2 2550 2116 2636 2220
4 2443 1726 2723 2033
2 2663 2263 2756 2376
2 2713 2423 2816 2536
2 1520 2530 1626 2663
2 1603 2446 1716 2530
2 176 1386 303 1510
2 2880 2766 2963 2860
2 3173 2780 3303 2936
2 2776 2300 2863 2403
1 3000 153 3426 543
1 2973 580 3303 900
1 3343 433 3703 620
1 3320 523 3850 903
1 3080 1310 3333 1506
1 3600 856 3943 1150
1 3653 1283 3923 1443
1 2746 2670 3116 2986
1 3010 2573 3296 2943
1 2500 2040 2746 2233
1 2593 2183 2866 2553
1 956 1993 1260 2193
2 56 1050 153 1166
2 186 920 283 1010
4 1733 1003 2093 1380
1 1723 2656 2013 3000
1 170 880 616 1210
1 0 1193 486 1576
7 26 20 1030 816
7 1040 20 2430 470
7 1266 496 2343 1070
7 746 1406 1690 2076
7 1390 1040 1723 1346
7 36 1613 726 2993
7 783 2110 1726 2966
7 2950 930 3366 1280
7 3263 1390 3943 1923
2 753 1853 903 2000
