4 1750 696 2170 1013
4 2373 2526 2693 2743
2 1670 383 1733 450
2 2580 323 2680 436
4 1183 10 1426 320
2 770 390 856 486
2 1513 1943 1600 2043
2 1443 1893 1556 1996
2 940 2500 1153 2666
2 1516 2506 1740 2700
2 1766 1663 1866 1783
2 1740 1880 1866 2026
2 1836 1436 1920 1536
2 2786 1463 2886 1590
1 3230 1053 3596 1300
1 2923 2710 3233 2976
5 3326 2720 3943 2960
1 1910 2186 2280 2850
1 900 2110 1333 2723
1 1333 2096 1776 2746
1 1303 2456 1510 2846
1 1703 2266 1903 2393
1 1753 2393 1896 2616
2 3630 73 3826 270
1 3043 1546 3246 1766
7 2333 993 3123 2196
7 3180 1276 3953 2483
7 2660 2220 3150 2613
7 2410 2606 2903 2953
7 66 1153 1150 2330
7 1773 40 2280 620
7 940 456 1690 1160
7 3 110 796 820
7 43 2353 1026 2973
