4 2460 2773 2703 2966
4 623 516 986 843
2 593 330 720 443
2 320 383 450 516
2 40 246 200 393
2 1250 263 1370 373
2 1153 490 1253 603
2 1280 580 1420 710
2 1446 246 1530 326
2 1573 323 1700 463
2 2056 293 2166 413
2 1886 156 2020 286
2 2836 56 2990 173
2 3013 10 3116 153
2 1783 770 1856 846
2 1746 903 1820 980
2 1853 950 1946 1046
2 1976 923 2060 1023
2 2006 690 2123 793
2 1800 443 1910 573
2 1316 826 1406 933
2 1460 853 1533 970
2 1146 726 1256 843
2 1100 1060 1220 1176
2 883 903 980 1010
2 1006 936 1120 1040
2 1246 1043 1350 1153
2 420 1380 510 1466
2 476 1466 576 1560
2 783 2013 883 2110
2 746 1790 830 1870
2 510 2203 603 2340
2 310 920 413 1053
2 256 1206 330 1300
2 1556 1893 1640 1960
2 1500 1980 1583 2076
2 1496 2606 1653 2776
2 2106 1226 2183 1320
2 2193 1280 2280 1353
2 2623 1316 2733 1440
2 2760 1100 2926 1243
2 3473 93 3596 230
2 3523 343 3620 490
2 3326 493 3443 606
2 2953 306 3063 426
2 2236 853 2330 953
2 2336 700 2456 876
2 2000 1830 2096 1943
2 1996 1706 2070 1790
1 2583 820 2953 1250
1 2143 633 2463 973
1 1550 340 1826 713
1 1583 30 1896 373
1 2740 23 3093 310
1 2716 1523 3253 1963
1 213 1170 540 1373
1 326 893 663 1133
1 76 236 543 476
1 1070 600 1303 860
1 1126 470 1440 776
1 646 1726 870 1906
1 216 1600 533 1823
1 600 1963 760 2130
1 753 1933 956 2133
1 1446 1873 1616 2070
7 2516 280 3420 1043
7 3353 670 3996 1873
7 1760 1826 3140 2816
7 3223 2423 3990 2983
7 2160 1400 2660 1816
7 283 1766 640 2053
7 296 30 1566 463
7 343 546 640 886
7 573 1083 1203 1716
7 1096 1296 1743 2063
7 706 2133 1513 2826
7 150 2573 726 2976
