4 1543 1163 1916 1300
4 1780 506 2006 676
4 1660 673 1870 823
4 1450 590 1633 733
4 2350 1746 2510 2030
4 2560 1570 3073 1916
4 3286 2413 3640 2683
4 2393 533 2680 776
2 3360 70 3513 246
2 3790 110 3973 276
2 3143 226 3236 320
2 3230 623 3373 733
2 3466 740 3550 810
2 3663 850 3840 990
2 2396 2040 2533 2170
2 2453 2260 2580 2376
2 2670 1976 2826 2160
2 2863 2196 3043 2336
2 3330 2236 3520 2410
2 3896 2746 4006 2873
2 3530 1786 3680 1963
2 3783 1983 3956 2180
2 1916 2513 2013 2613
2 1506 2493 1603 2606
2 1280 2190 1420 2360
2 1503 2133 1616 2246
2 2256 2653 2436 2873
2 2163 2570 2283 2680
2 2506 2926 2700 3010
2 1540 2576 1680 2726
2 1853 2533 1940 2636
2 1710 2250 1790 2333
2 1780 2333 1863 2426
2 650 2076 776 2190
2 550 2006 686 2113
2 510 2323 603 2416
2 666 2343 790 2453
2 496 2436 620 2560
2 313 2006 436 2133
2 840 920 983 1076
1 3003 13 3516 366
1 3526 36 3826 283
1 3750 173 3980 616
1 3390 720 3840 1020
1 3266 1540 3970 2170
1 3066 1853 3636 2346
1 2650 1830 2940 2053
1 2756 1990 3073 2393
1 2336 2043 2670 2396
1 2000 2473 2443 2996
1 1576 2576 2036 2970
1 1590 2363 1946 2743
1 1503 2180 1910 2646
1 1280 2006 1793 2426
1 76 2523 686 2973
6 3 20 1740 1896
1 3740 2580 3996 2866
1 2783 2666 2943 2910
7 1770 36 2253 1296
7 2363 26 2923 400
7 2826 356 3780 840
7 2750 880 3333 1526
7 1773 1603 2360 2193
7 2503 2320 3603 2963
7 3670 1380 3976 1720
7 3050 1463 3313 1890
7 790 1923 1506 2546
