4 1313 1186 1870 1490
4 1120 976 1396 1250
4 1100 1503 1486 1800
4 1596 2026 1956 2430
4 1356 2146 1666 2383
4 1586 2506 1850 2780
4 2206 2063 2623 2626
4 2020 1456 2490 1826
4 2480 1540 2806 1790
4 2476 1083 2826 1380
4 2666 1263 2923 1503
4 2813 586 3100 956
4 2446 533 2700 823
4 2150 83 2490 360
4 1690 326 1973 790
4 3383 966 3690 1193
4 3643 1126 3993 1373
6 706 53 3290 1460
2 1550 1780 1723 1953
6 1290 1390 2820 2773
7 2913 1483 3960 2973
7 550 1813 1323 2996
7 33 286 650 2083
1 1476 1570 1806 1970
1 1033 2473 1180 2730
