4 1770 2630 2050 2893
4 3233 550 3416 706
4 3300 353 3500 540
4 3450 400 3583 610
4 3610 366 3843 590
4 290 826 643 1043
4 1313 1280 1493 1453
4 923 1233 1060 1373
4 1146 1406 1340 1533
2 3436 113 3573 240
2 3163 206 3286 320
2 2896 366 3013 460
2 2943 713 3050 810
2 1976 20 2113 126
2 1773 46 1873 136
2 1663 63 1780 163
2 423 190 533 280
2 640 433 730 530
2 390 600 483 706
2 576 653 686 763
2 773 790 913 913
2 793 550 900 653
2 900 523 970 580
2 946 496 1053 593
2 1116 490 1186 583
2 1276 546 1383 636
2 1210 563 1280 636
2 1000 863 1120 983
2 840 1100 970 1230
2 1960 453 2106 620
2 2033 896 2140 1013
2 1923 910 2010 1000
2 1960 1273 2066 1383
2 1513 2173 1630 2273
2 1750 2066 1850 2183
2 1680 1643 1776 1750
2 1580 1526 1660 1616
2 1250 2436 1373 2573
2 16 2626 123 2763
2 2163 2176 2260 2293
2 2483 2086 2570 2176
2 2530 2043 2616 2123
2 2636 2040 2720 2136
2 2306 1930 2413 2023
2 2380 1846 2453 1926
2 3253 1420 3376 1550
2 2966 1910 3056 2006
2 3070 2060 3206 2193
2 3056 2676 3173 2786
2 3236 2736 3313 2846
2 2713 2310 2800 2413
2 2370 2663 2490 2773
1 3070 1376 3383 1793
1 3386 1413 3743 1683
1 2813 1830 3070 2023
1 2603 2160 2856 2326
1 2370 1836 2563 2023
1 1210 1626 1593 1983
1 1573 1253 1720 1493
1 1670 1383 1876 1636
1 1936 1193 2170 1400
1 1420 2206 1630 2526
1 1503 2010 1653 2280
1 1663 1990 1880 2210
1 1966 1980 2090 2160
1 2136 2090 2410 2270
1 806 986 1096 1266
1 1000 773 1250 1076
1 746 763 1010 986
1 2463 2266 2723 2570
1 2366 2483 2520 2780
6 120 26 1610 790
7 3040 586 4000 1470
7 1243 740 3006 1973
1 1620 23 1756 263
1 1756 46 1913 300
7 1823 56 3166 753
7 2470 2216 3600 2993
7 16 850 1233 2996
1 260 1120 450 1313
1 330 1266 506 1473
2 330 1130 416 1220
