4 300 30 670 263
4 873 13 1263 136
4 713 33 1056 273
4 556 120 883 420
4 683 256 1046 630
4 980 383 1186 603
4 1180 103 1440 423
4 1133 290 1423 530
4 1660 1903 1890 2340
4 1583 873 1840 1063
4 2046 1136 2200 1406
4 2110 370 2283 600
4 2280 463 2530 643
4 1973 263 2140 433
4 2933 230 3203 546
4 3053 833 3280 946
4 2890 866 3086 1066
4 3680 1710 3906 1976
4 3096 2310 3346 2480
4 3380 1826 3656 2006
2 2560 170 2670 283
2 2493 326 2610 423
2 2783 620 2873 703
2 2693 580 2763 676
2 2903 676 2976 760
2 2936 543 3036 640
2 3806 1126 3903 1230
2 3733 1210 3816 1283
2 3900 1273 3986 1353
2 1110 1560 1186 1636
2 1200 1530 1300 1616
2 1270 1443 1346 1543
2 1186 1720 1270 1813
2 1286 1723 1396 1826
2 1250 2183 1340 2283
2 1346 2233 1400 2306
2 1493 2146 1566 2223
2 1173 2383 1273 2470
2 600 1893 720 2003
2 20 943 80 1050
2 180 1040 283 1133
2 306 1176 426 1296
2 456 1036 556 1133
2 173 1443 273 1560
2 376 1616 490 1720
2 520 1630 603 1720
2 203 1606 280 1683
2 1706 780 1810 876
2 1766 926 1860 1023
2 1590 553 1690 680
2 1696 603 1766 683
2 1816 643 1886 716
2 1836 326 1926 433
2 1863 156 1973 280
4 2340 2673 2516 2923
1 2420 1236 2773 1540
2 2526 1356 2656 1483
2 2716 1370 2793 1483
1 2183 96 2513 323
1 586 1870 896 2033
1 2173 2606 2386 2846
2 3326 1210 3430 1303
2 3386 1016 3443 1106
2 3380 1673 3423 1726
2 3533 2033 3616 2113
2 3633 1966 3726 2086
4 2656 2426 2823 2523
4 3753 1980 3950 2176
1 3260 436 3363 593
1 3373 440 3533 573
7 3143 520 3686 1086
7 2763 973 3410 1640
7 1756 1446 2913 2406
7 490 2080 1066 2756
7 603 1143 1466 1943
7 50 863 573 2040
7 16 2050 326 2620
7 1203 333 2210 1436
7 1730 13 2186 303
7 13 70 690 783
