4 653 863 956 1116
4 383 393 626 586
4 436 553 630 770
4 143 316 446 566
4 670 250 860 586
4 350 1176 636 1396
4 476 1550 830 1866
4 980 1853 1130 2026
4 470 1343 750 1550
4 1853 806 1970 963
4 1950 920 2073 1086
4 1813 1400 1933 1546
4 1700 1740 1990 1986
4 3056 800 3256 1030
4 3333 646 3540 796
4 3450 850 3730 1203
4 3470 2176 3690 2350
4 2850 240 3143 430
4 3073 183 3356 416
4 3326 286 3530 546
4 3503 303 3803 620
4 860 1976 1153 2206
4 1303 2286 1630 2550
4 796 503 980 693
2 1646 6 1790 153
2 1516 3 1620 110
2 923 160 1043 306
2 1093 43 1206 140
2 506 120 623 220
2 1110 776 1223 883
2 1006 983 1100 1076
4 1103 1413 1256 1593
4 1183 1093 1356 1206
4 1096 1120 1246 1250
4 1360 1070 1580 1230
2 2460 383 2616 533
2 2506 26 2636 153
2 2706 173 2850 306
2 2683 710 2800 846
2 3046 663 3136 780
2 3153 676 3263 776
2 3340 516 3440 620
2 3796 256 3920 376
2 3816 836 3976 976
2 3153 1136 3243 1236
2 3230 1186 3346 1300
2 3293 1310 3383 1386
2 3416 1363 3513 1463
2 3506 1436 3596 1523
2 3853 1523 3960 1633
2 3736 1656 3843 1740
2 3460 1563 3553 1646
2 2453 863 2566 990
2 2636 993 2706 1096
2 2360 1113 2456 1230
2 2480 1110 2563 1193
2 2893 1183 2990 1276
2 2840 1250 2930 1343
4 2920 1300 3196 1440
2 3193 1666 3266 1756
2 3743 1726 3866 1840
2 3873 1830 3990 1946
2 3803 2186 3893 2286
2 3493 2036 3583 2113
2 2880 2696 2926 2750
2 2266 2636 2350 2710
2 1973 2563 2043 2656
2 1886 2586 1956 2656
2 1800 2640 1893 2720
2 1623 2443 1716 2530
2 1856 1273 1933 1340
2 1976 1320 2080 1433
2 1803 1126 1900 1210
2 1720 993 1810 1083
2 800 1250 896 1353
2 760 1153 870 1240
2 170 1176 276 1263
2 1193 2800 1273 2893
2 3340 2133 3420 2220
1 2363 813 2576 1013
1 2523 960 2746 1166
1 1750 960 1966 1203
1 1573 453 1803 663
1 470 20 703 253
1 1103 706 1313 956
1 1206 933 1450 1140
1 946 870 1200 1150
1 1593 1883 1773 2150
1 3156 1966 3363 2146
1 2796 1510 3066 1710
1 3113 1490 3330 1766
1 3410 2023 3633 2203
1 3680 2086 3980 2316
1 3363 1880 3606 2070
1 3310 1236 3596 1486
1 2826 2796 3066 2990
1 920 113 1340 326
1 2580 136 2876 433
1 2133 90 2600 560
7 1236 10 2796 703
7 6 286 643 1706
7 36 1816 1153 2970
7 1086 1303 1716 2393
7 1926 2630 2306 2980
7 1250 2553 1770 2956
7 1766 1473 2956 2583
7 2003 896 2356 1376
7 2986 2140 3973 3000
