4 2206 286 2926 1190
4 2370 1033 3136 1376
4 2143 1303 3086 1903
4 2170 1903 3213 2293
4 493 1503 920 1826
4 596 1300 943 1613
4 523 1233 763 1416
4 493 1143 806 1330
4 340 1263 560 1463
4 330 903 900 1173
4 906 903 1063 1186
4 683 593 933 900
4 513 50 690 260
4 573 253 770 416
4 863 176 1103 403
4 1100 330 1353 613
4 1316 456 1550 726
4 1223 606 1426 873
4 1246 883 1433 1146
4 1806 23 2256 703
4 1130 50 1516 316
6 1633 90 3983 2986
6 993 1280 1723 2376
2 3573 1033 3670 1166
2 3550 1293 3680 1420
2 3696 1300 3816 1420
2 1026 1283 1140 1420
2 1036 916 1163 1033
2 1173 943 1280 1073
2 1136 2506 1246 2613
2 1080 2663 1193 2770
2 913 2296 983 2390
2 1000 2256 1076 2343
2 220 2510 333 2613
2 750 2656 833 2770
2 853 2516 936 2596
2 53 1236 186 1363
2 40 1756 146 1873
1 993 863 1280 1130
1 960 1080 1230 1373
1 713 2330 973 2596
1 876 2190 1146 2403
1 1080 2450 1296 2830
1 13 573 476 846
1 20 753 340 1030
1 220 40 593 453
7 23 1560 680 2793
1 203 1376 410 1520
