4 786 576 1193 756
4 720 433 936 603
4 756 46 1056 283
4 393 1420 726 1670
4 803 1476 966 1770
4 506 1190 816 1410
4 1326 1560 1826 1846
4 1456 1380 1763 1580
4 1203 363 1466 953
4 2960 520 3216 786
4 3033 716 3293 1050
4 2730 550 2890 770
4 2590 1110 2726 1290
4 2820 1090 2993 1283
4 2383 2060 2610 2283
4 2330 2213 2590 2426
4 2596 2303 2886 2523
4 2610 2156 2830 2296
4 2823 2366 3056 2553
4 2953 2473 3166 2623
4 1563 2666 1846 2980
4 3250 313 3523 613
4 3446 233 3600 430
4 3736 110 3953 363
2 2223 610 2320 713
2 2566 176 2673 296
2 3323 923 3436 1036
2 3430 1120 3510 1216
2 3493 990 3616 1110
2 3696 966 3820 1076
2 3836 973 3956 1100
2 3450 1260 3566 1366
2 3286 1250 3420 1360
2 3333 1390 3423 1496
2 3186 1500 3300 1600
2 3103 1260 3186 1340
2 3083 1343 3200 1433
2 3673 1346 3816 1496
2 2436 1523 2536 1640
4 2593 1173 2860 1520
2 2363 1593 2450 1700
2 2213 1400 2300 1470
2 2126 1300 2210 1390
2 2253 1240 2333 1343
2 2040 1170 2120 1250
2 2100 1230 2173 1303
2 2356 943 2433 1033
2 1803 1066 1896 1160
2 1630 1233 1716 1323
2 1436 1260 1550 1356
2 1926 1556 2033 1646
2 1563 1920 1670 2020
2 1670 1873 1743 1956
2 1730 1853 1826 1956
2 1903 1863 1983 1946
2 1893 2136 2016 2256
2 2063 2596 2203 2736
2 3490 2206 3603 2360
2 3300 1783 3380 1903
2 3256 1640 3320 1726
2 3426 1686 3520 1776
2 3583 1816 3690 1906
2 3530 2016 3643 2116
2 3330 2036 3433 2133
2 1070 1960 1180 2096
2 1213 2080 1316 2176
2 1393 2080 1483 2173
2 1580 2143 1663 2273
2 1603 2296 1696 2390
2 876 2073 970 2160
2 900 1893 963 1980
2 776 1916 860 2013
2 1046 2453 1140 2553
2 936 2516 1013 2630
2 860 2620 963 2703
2 836 2716 950 2833
2 1260 2663 1353 2823
2 1313 2650 1423 2753
2 1400 2830 1533 2950
2 1420 2756 1530 2853
2 1383 2550 1470 2630
2 1473 2530 1543 2626
2 1896 2936 1990 3003
2 1216 2910 1323 2993
2 313 2546 406 2660
2 166 2803 266 2930
2 563 2483 646 2603
2 683 2543 786 2683
2 353 1903 416 1983
2 380 1833 443 1906
2 193 626 326 760
2 370 650 483 773
2 626 643 706 743
2 280 766 390 916
2 1200 1293 1293 1400
2 1343 1336 1463 1470
2 1036 190 1130 300
2 1133 156 1213 240
2 240 2110 316 2193
2 423 2050 503 2133
2 590 2766 700 2893
1 2260 866 2436 1020
1 2413 1043 2553 1146
1 1790 1440 2103 1670
1 2363 1520 2576 1776
1 2566 1550 2770 1790
1 1750 1753 2073 2033
1 1876 2000 2110 2270
1 396 2810 600 2986
1 433 2266 723 2510
1 380 2023 733 2250
4 743 2133 973 2283
1 1056 160 1383 390
1 300 803 686 1053
1 346 1053 663 1260
1 3 1810 243 2096
1 943 2343 1206 2643
1 866 1980 1026 2226
1 1063 1880 1286 2113
1 1276 1840 1500 2053
1 753 1253 1070 1546
2 780 1470 913 1540
1 1333 2000 1586 2336
1 1560 2113 1773 2416
1 1096 2650 1376 2996
1 653 2673 990 3000
1 290 2433 573 2720
1 346 2676 520 2860
1 1386 1230 1580 1396
1 2190 1190 2353 1363
1 2213 416 2553 713
1 3203 863 3453 1136
1 3273 1103 3553 1290
1 3503 1243 3823 1573
1 3750 1180 4000 1486
1 3140 1753 3386 1916
1 3350 2116 3616 2383
1 3553 2346 3903 2736
7 2293 56 3313 970
7 1336 3 1950 996
7 26 36 593 603
7 16 733 336 1673
7 696 753 1216 1343
7 40 2116 340 2893
7 726 2200 933 2630
7 390 1706 793 2063
7 1563 2243 2036 2893
7 2030 1686 2410 2373
7 2433 1760 3656 2963
7 3626 1803 3990 2586
